{
 "cells": [
  {
   "cell_type": "code",
   "execution_count": 3,
   "metadata": {},
   "outputs": [],
   "source": [
    "import pandas as pd\n",
    "import numpy as np\n",
    "import seaborn as sns\n",
    "\n",
    "import matplotlib.pyplot as plt\n",
    "%matplotlib inline\n",
    "plt.style.use('seaborn')\n",
    "from matplotlib import style\n",
    "\n",
    "from scipy.stats import kurtosis, skew\n",
    "import scipy.stats as stats\n",
    "\n",
    "from math import sqrt"
   ]
  },
  {
   "cell_type": "code",
   "execution_count": 4,
   "metadata": {},
   "outputs": [],
   "source": [
    "df = pd.read_csv(\"cleaned_data_kc_house_data\")"
   ]
  },
  {
   "cell_type": "markdown",
   "metadata": {},
   "source": [
    "remove target variable<br>\n",
    "also took out id since its only use is as an index"
   ]
  },
  {
   "cell_type": "code",
   "execution_count": 5,
   "metadata": {},
   "outputs": [
    {
     "data": {
      "text/html": [
       "<div>\n",
       "<style scoped>\n",
       "    .dataframe tbody tr th:only-of-type {\n",
       "        vertical-align: middle;\n",
       "    }\n",
       "\n",
       "    .dataframe tbody tr th {\n",
       "        vertical-align: top;\n",
       "    }\n",
       "\n",
       "    .dataframe thead th {\n",
       "        text-align: right;\n",
       "    }\n",
       "</style>\n",
       "<table border=\"1\" class=\"dataframe\">\n",
       "  <thead>\n",
       "    <tr style=\"text-align: right;\">\n",
       "      <th></th>\n",
       "      <th>id</th>\n",
       "      <th>price</th>\n",
       "      <th>bedrooms</th>\n",
       "      <th>bathrooms</th>\n",
       "      <th>sqft_living</th>\n",
       "      <th>sqft_lot</th>\n",
       "      <th>floors</th>\n",
       "      <th>waterfront</th>\n",
       "      <th>view</th>\n",
       "      <th>condition</th>\n",
       "      <th>grade</th>\n",
       "      <th>sqft_above</th>\n",
       "      <th>sqft_basement</th>\n",
       "      <th>yr_built</th>\n",
       "      <th>yr_renovated</th>\n",
       "      <th>zipcode</th>\n",
       "      <th>lat</th>\n",
       "      <th>long</th>\n",
       "      <th>sqft_living15</th>\n",
       "      <th>sqft_lot15</th>\n",
       "    </tr>\n",
       "  </thead>\n",
       "  <tbody>\n",
       "    <tr>\n",
       "      <th>id</th>\n",
       "      <td>1.000000</td>\n",
       "      <td>-0.016413</td>\n",
       "      <td>0.002267</td>\n",
       "      <td>0.005873</td>\n",
       "      <td>-0.011866</td>\n",
       "      <td>-0.132412</td>\n",
       "      <td>0.019150</td>\n",
       "      <td>-0.003588</td>\n",
       "      <td>0.012859</td>\n",
       "      <td>-0.023410</td>\n",
       "      <td>0.008765</td>\n",
       "      <td>-0.010757</td>\n",
       "      <td>-0.004480</td>\n",
       "      <td>0.022179</td>\n",
       "      <td>-0.009068</td>\n",
       "      <td>-0.010959</td>\n",
       "      <td>-0.005062</td>\n",
       "      <td>0.021254</td>\n",
       "      <td>-0.003084</td>\n",
       "      <td>-0.138114</td>\n",
       "    </tr>\n",
       "    <tr>\n",
       "      <th>price</th>\n",
       "      <td>-0.016413</td>\n",
       "      <td>1.000000</td>\n",
       "      <td>0.308454</td>\n",
       "      <td>0.525029</td>\n",
       "      <td>0.702004</td>\n",
       "      <td>0.088400</td>\n",
       "      <td>0.256603</td>\n",
       "      <td>0.260777</td>\n",
       "      <td>0.397176</td>\n",
       "      <td>0.034613</td>\n",
       "      <td>0.668099</td>\n",
       "      <td>0.605481</td>\n",
       "      <td>0.323018</td>\n",
       "      <td>0.054849</td>\n",
       "      <td>0.116846</td>\n",
       "      <td>-0.053429</td>\n",
       "      <td>0.307667</td>\n",
       "      <td>0.022512</td>\n",
       "      <td>0.586495</td>\n",
       "      <td>0.083530</td>\n",
       "    </tr>\n",
       "    <tr>\n",
       "      <th>bedrooms</th>\n",
       "      <td>0.002267</td>\n",
       "      <td>0.308454</td>\n",
       "      <td>1.000000</td>\n",
       "      <td>0.513694</td>\n",
       "      <td>0.577696</td>\n",
       "      <td>0.032531</td>\n",
       "      <td>0.178518</td>\n",
       "      <td>-0.001578</td>\n",
       "      <td>0.080379</td>\n",
       "      <td>0.025652</td>\n",
       "      <td>0.356418</td>\n",
       "      <td>0.478967</td>\n",
       "      <td>0.301987</td>\n",
       "      <td>0.156820</td>\n",
       "      <td>0.018345</td>\n",
       "      <td>-0.152539</td>\n",
       "      <td>-0.009939</td>\n",
       "      <td>0.131398</td>\n",
       "      <td>0.391936</td>\n",
       "      <td>0.030779</td>\n",
       "    </tr>\n",
       "    <tr>\n",
       "      <th>bathrooms</th>\n",
       "      <td>0.005873</td>\n",
       "      <td>0.525029</td>\n",
       "      <td>0.513694</td>\n",
       "      <td>1.000000</td>\n",
       "      <td>0.754793</td>\n",
       "      <td>0.088451</td>\n",
       "      <td>0.503796</td>\n",
       "      <td>0.062055</td>\n",
       "      <td>0.187249</td>\n",
       "      <td>-0.128167</td>\n",
       "      <td>0.665992</td>\n",
       "      <td>0.685959</td>\n",
       "      <td>0.281813</td>\n",
       "      <td>0.508866</td>\n",
       "      <td>0.047738</td>\n",
       "      <td>-0.204016</td>\n",
       "      <td>0.025243</td>\n",
       "      <td>0.224660</td>\n",
       "      <td>0.569396</td>\n",
       "      <td>0.089414</td>\n",
       "    </tr>\n",
       "    <tr>\n",
       "      <th>sqft_living</th>\n",
       "      <td>-0.011866</td>\n",
       "      <td>0.702004</td>\n",
       "      <td>0.577696</td>\n",
       "      <td>0.754793</td>\n",
       "      <td>1.000000</td>\n",
       "      <td>0.173266</td>\n",
       "      <td>0.354260</td>\n",
       "      <td>0.103331</td>\n",
       "      <td>0.283797</td>\n",
       "      <td>-0.061626</td>\n",
       "      <td>0.762719</td>\n",
       "      <td>0.876787</td>\n",
       "      <td>0.433369</td>\n",
       "      <td>0.319584</td>\n",
       "      <td>0.049777</td>\n",
       "      <td>-0.198987</td>\n",
       "      <td>0.053213</td>\n",
       "      <td>0.241473</td>\n",
       "      <td>0.756199</td>\n",
       "      <td>0.184920</td>\n",
       "    </tr>\n",
       "    <tr>\n",
       "      <th>sqft_lot</th>\n",
       "      <td>-0.132412</td>\n",
       "      <td>0.088400</td>\n",
       "      <td>0.032531</td>\n",
       "      <td>0.088451</td>\n",
       "      <td>0.173266</td>\n",
       "      <td>1.000000</td>\n",
       "      <td>-0.007745</td>\n",
       "      <td>0.021216</td>\n",
       "      <td>0.072668</td>\n",
       "      <td>-0.009207</td>\n",
       "      <td>0.113801</td>\n",
       "      <td>0.183653</td>\n",
       "      <td>0.015612</td>\n",
       "      <td>0.052469</td>\n",
       "      <td>0.004297</td>\n",
       "      <td>-0.129626</td>\n",
       "      <td>-0.085076</td>\n",
       "      <td>0.230489</td>\n",
       "      <td>0.143815</td>\n",
       "      <td>0.719499</td>\n",
       "    </tr>\n",
       "    <tr>\n",
       "      <th>floors</th>\n",
       "      <td>0.019150</td>\n",
       "      <td>0.256603</td>\n",
       "      <td>0.178518</td>\n",
       "      <td>0.503796</td>\n",
       "      <td>0.354260</td>\n",
       "      <td>-0.007745</td>\n",
       "      <td>1.000000</td>\n",
       "      <td>0.019853</td>\n",
       "      <td>0.027748</td>\n",
       "      <td>-0.264259</td>\n",
       "      <td>0.459144</td>\n",
       "      <td>0.523594</td>\n",
       "      <td>-0.245628</td>\n",
       "      <td>0.489898</td>\n",
       "      <td>0.003036</td>\n",
       "      <td>-0.058443</td>\n",
       "      <td>0.049237</td>\n",
       "      <td>0.125360</td>\n",
       "      <td>0.279379</td>\n",
       "      <td>-0.011632</td>\n",
       "    </tr>\n",
       "    <tr>\n",
       "      <th>waterfront</th>\n",
       "      <td>-0.003588</td>\n",
       "      <td>0.260777</td>\n",
       "      <td>-0.001578</td>\n",
       "      <td>0.062055</td>\n",
       "      <td>0.103331</td>\n",
       "      <td>0.021216</td>\n",
       "      <td>0.019853</td>\n",
       "      <td>1.000000</td>\n",
       "      <td>0.380418</td>\n",
       "      <td>0.016293</td>\n",
       "      <td>0.081945</td>\n",
       "      <td>0.070315</td>\n",
       "      <td>0.082796</td>\n",
       "      <td>-0.024358</td>\n",
       "      <td>0.070615</td>\n",
       "      <td>0.028723</td>\n",
       "      <td>-0.011696</td>\n",
       "      <td>-0.036585</td>\n",
       "      <td>0.083676</td>\n",
       "      <td>0.030188</td>\n",
       "    </tr>\n",
       "    <tr>\n",
       "      <th>view</th>\n",
       "      <td>0.012859</td>\n",
       "      <td>0.397176</td>\n",
       "      <td>0.080379</td>\n",
       "      <td>0.187249</td>\n",
       "      <td>0.283797</td>\n",
       "      <td>0.072668</td>\n",
       "      <td>0.027748</td>\n",
       "      <td>0.380418</td>\n",
       "      <td>1.000000</td>\n",
       "      <td>0.045464</td>\n",
       "      <td>0.250014</td>\n",
       "      <td>0.166907</td>\n",
       "      <td>0.276521</td>\n",
       "      <td>-0.054415</td>\n",
       "      <td>0.088336</td>\n",
       "      <td>0.085300</td>\n",
       "      <td>0.006174</td>\n",
       "      <td>-0.076306</td>\n",
       "      <td>0.280934</td>\n",
       "      <td>0.072797</td>\n",
       "    </tr>\n",
       "    <tr>\n",
       "      <th>condition</th>\n",
       "      <td>-0.023410</td>\n",
       "      <td>0.034613</td>\n",
       "      <td>0.025652</td>\n",
       "      <td>-0.128167</td>\n",
       "      <td>-0.061626</td>\n",
       "      <td>-0.009207</td>\n",
       "      <td>-0.264259</td>\n",
       "      <td>0.016293</td>\n",
       "      <td>0.045464</td>\n",
       "      <td>1.000000</td>\n",
       "      <td>-0.148886</td>\n",
       "      <td>-0.159186</td>\n",
       "      <td>0.170361</td>\n",
       "      <td>-0.361838</td>\n",
       "      <td>-0.056127</td>\n",
       "      <td>0.002616</td>\n",
       "      <td>-0.016021</td>\n",
       "      <td>-0.105805</td>\n",
       "      <td>-0.093556</td>\n",
       "      <td>-0.004386</td>\n",
       "    </tr>\n",
       "    <tr>\n",
       "      <th>grade</th>\n",
       "      <td>0.008765</td>\n",
       "      <td>0.668099</td>\n",
       "      <td>0.356418</td>\n",
       "      <td>0.665992</td>\n",
       "      <td>0.762719</td>\n",
       "      <td>0.113801</td>\n",
       "      <td>0.459144</td>\n",
       "      <td>0.081945</td>\n",
       "      <td>0.250014</td>\n",
       "      <td>-0.148886</td>\n",
       "      <td>1.000000</td>\n",
       "      <td>0.756289</td>\n",
       "      <td>0.166466</td>\n",
       "      <td>0.448574</td>\n",
       "      <td>0.015494</td>\n",
       "      <td>-0.185138</td>\n",
       "      <td>0.113629</td>\n",
       "      <td>0.199735</td>\n",
       "      <td>0.713176</td>\n",
       "      <td>0.122404</td>\n",
       "    </tr>\n",
       "    <tr>\n",
       "      <th>sqft_above</th>\n",
       "      <td>-0.010757</td>\n",
       "      <td>0.605481</td>\n",
       "      <td>0.478967</td>\n",
       "      <td>0.685959</td>\n",
       "      <td>0.876787</td>\n",
       "      <td>0.183653</td>\n",
       "      <td>0.523594</td>\n",
       "      <td>0.070315</td>\n",
       "      <td>0.166907</td>\n",
       "      <td>-0.159186</td>\n",
       "      <td>0.756289</td>\n",
       "      <td>1.000000</td>\n",
       "      <td>-0.053403</td>\n",
       "      <td>0.425170</td>\n",
       "      <td>0.019099</td>\n",
       "      <td>-0.260751</td>\n",
       "      <td>-0.000014</td>\n",
       "      <td>0.344774</td>\n",
       "      <td>0.730794</td>\n",
       "      <td>0.195983</td>\n",
       "    </tr>\n",
       "    <tr>\n",
       "      <th>sqft_basement</th>\n",
       "      <td>-0.004480</td>\n",
       "      <td>0.323018</td>\n",
       "      <td>0.301987</td>\n",
       "      <td>0.281813</td>\n",
       "      <td>0.433369</td>\n",
       "      <td>0.015612</td>\n",
       "      <td>-0.245628</td>\n",
       "      <td>0.082796</td>\n",
       "      <td>0.276521</td>\n",
       "      <td>0.170361</td>\n",
       "      <td>0.166466</td>\n",
       "      <td>-0.053403</td>\n",
       "      <td>1.000000</td>\n",
       "      <td>-0.133178</td>\n",
       "      <td>0.067570</td>\n",
       "      <td>0.075466</td>\n",
       "      <td>0.110526</td>\n",
       "      <td>-0.144709</td>\n",
       "      <td>0.200709</td>\n",
       "      <td>0.016705</td>\n",
       "    </tr>\n",
       "    <tr>\n",
       "      <th>yr_built</th>\n",
       "      <td>0.022179</td>\n",
       "      <td>0.054849</td>\n",
       "      <td>0.156820</td>\n",
       "      <td>0.508866</td>\n",
       "      <td>0.319584</td>\n",
       "      <td>0.052469</td>\n",
       "      <td>0.489898</td>\n",
       "      <td>-0.024358</td>\n",
       "      <td>-0.054415</td>\n",
       "      <td>-0.361838</td>\n",
       "      <td>0.448574</td>\n",
       "      <td>0.425170</td>\n",
       "      <td>-0.133178</td>\n",
       "      <td>1.000000</td>\n",
       "      <td>-0.200252</td>\n",
       "      <td>-0.346743</td>\n",
       "      <td>-0.148165</td>\n",
       "      <td>0.409009</td>\n",
       "      <td>0.325657</td>\n",
       "      <td>0.071184</td>\n",
       "    </tr>\n",
       "    <tr>\n",
       "      <th>yr_renovated</th>\n",
       "      <td>-0.009068</td>\n",
       "      <td>0.116846</td>\n",
       "      <td>0.018345</td>\n",
       "      <td>0.047738</td>\n",
       "      <td>0.049777</td>\n",
       "      <td>0.004297</td>\n",
       "      <td>0.003036</td>\n",
       "      <td>0.070615</td>\n",
       "      <td>0.088336</td>\n",
       "      <td>-0.056127</td>\n",
       "      <td>0.015494</td>\n",
       "      <td>0.019099</td>\n",
       "      <td>0.067570</td>\n",
       "      <td>-0.200252</td>\n",
       "      <td>1.000000</td>\n",
       "      <td>0.061763</td>\n",
       "      <td>0.029245</td>\n",
       "      <td>-0.064197</td>\n",
       "      <td>0.000910</td>\n",
       "      <td>0.002827</td>\n",
       "    </tr>\n",
       "    <tr>\n",
       "      <th>zipcode</th>\n",
       "      <td>-0.010959</td>\n",
       "      <td>-0.053429</td>\n",
       "      <td>-0.152539</td>\n",
       "      <td>-0.204016</td>\n",
       "      <td>-0.198987</td>\n",
       "      <td>-0.129626</td>\n",
       "      <td>-0.058443</td>\n",
       "      <td>0.028723</td>\n",
       "      <td>0.085300</td>\n",
       "      <td>0.002616</td>\n",
       "      <td>-0.185138</td>\n",
       "      <td>-0.260751</td>\n",
       "      <td>0.075466</td>\n",
       "      <td>-0.346743</td>\n",
       "      <td>0.061763</td>\n",
       "      <td>1.000000</td>\n",
       "      <td>0.266868</td>\n",
       "      <td>-0.564133</td>\n",
       "      <td>-0.278124</td>\n",
       "      <td>-0.146944</td>\n",
       "    </tr>\n",
       "    <tr>\n",
       "      <th>lat</th>\n",
       "      <td>-0.005062</td>\n",
       "      <td>0.307667</td>\n",
       "      <td>-0.009939</td>\n",
       "      <td>0.025243</td>\n",
       "      <td>0.053213</td>\n",
       "      <td>-0.085076</td>\n",
       "      <td>0.049237</td>\n",
       "      <td>-0.011696</td>\n",
       "      <td>0.006174</td>\n",
       "      <td>-0.016021</td>\n",
       "      <td>0.113629</td>\n",
       "      <td>-0.000014</td>\n",
       "      <td>0.110526</td>\n",
       "      <td>-0.148165</td>\n",
       "      <td>0.029245</td>\n",
       "      <td>0.266868</td>\n",
       "      <td>1.000000</td>\n",
       "      <td>-0.135173</td>\n",
       "      <td>0.050357</td>\n",
       "      <td>-0.084799</td>\n",
       "    </tr>\n",
       "    <tr>\n",
       "      <th>long</th>\n",
       "      <td>0.021254</td>\n",
       "      <td>0.022512</td>\n",
       "      <td>0.131398</td>\n",
       "      <td>0.224660</td>\n",
       "      <td>0.241473</td>\n",
       "      <td>0.230489</td>\n",
       "      <td>0.125360</td>\n",
       "      <td>-0.036585</td>\n",
       "      <td>-0.076306</td>\n",
       "      <td>-0.105805</td>\n",
       "      <td>0.199735</td>\n",
       "      <td>0.344774</td>\n",
       "      <td>-0.144709</td>\n",
       "      <td>0.409009</td>\n",
       "      <td>-0.064197</td>\n",
       "      <td>-0.564133</td>\n",
       "      <td>-0.135173</td>\n",
       "      <td>1.000000</td>\n",
       "      <td>0.334699</td>\n",
       "      <td>0.255272</td>\n",
       "    </tr>\n",
       "    <tr>\n",
       "      <th>sqft_living15</th>\n",
       "      <td>-0.003084</td>\n",
       "      <td>0.586495</td>\n",
       "      <td>0.391936</td>\n",
       "      <td>0.569396</td>\n",
       "      <td>0.756199</td>\n",
       "      <td>0.143815</td>\n",
       "      <td>0.279379</td>\n",
       "      <td>0.083676</td>\n",
       "      <td>0.280934</td>\n",
       "      <td>-0.093556</td>\n",
       "      <td>0.713176</td>\n",
       "      <td>0.730794</td>\n",
       "      <td>0.200709</td>\n",
       "      <td>0.325657</td>\n",
       "      <td>0.000910</td>\n",
       "      <td>-0.278124</td>\n",
       "      <td>0.050357</td>\n",
       "      <td>0.334699</td>\n",
       "      <td>1.000000</td>\n",
       "      <td>0.183539</td>\n",
       "    </tr>\n",
       "    <tr>\n",
       "      <th>sqft_lot15</th>\n",
       "      <td>-0.138114</td>\n",
       "      <td>0.083530</td>\n",
       "      <td>0.030779</td>\n",
       "      <td>0.089414</td>\n",
       "      <td>0.184920</td>\n",
       "      <td>0.719499</td>\n",
       "      <td>-0.011632</td>\n",
       "      <td>0.030188</td>\n",
       "      <td>0.072797</td>\n",
       "      <td>-0.004386</td>\n",
       "      <td>0.122404</td>\n",
       "      <td>0.195983</td>\n",
       "      <td>0.016705</td>\n",
       "      <td>0.071184</td>\n",
       "      <td>0.002827</td>\n",
       "      <td>-0.146944</td>\n",
       "      <td>-0.084799</td>\n",
       "      <td>0.255272</td>\n",
       "      <td>0.183539</td>\n",
       "      <td>1.000000</td>\n",
       "    </tr>\n",
       "  </tbody>\n",
       "</table>\n",
       "</div>"
      ],
      "text/plain": [
       "                     id     price  bedrooms  bathrooms  sqft_living  sqft_lot  \\\n",
       "id             1.000000 -0.016413  0.002267   0.005873    -0.011866 -0.132412   \n",
       "price         -0.016413  1.000000  0.308454   0.525029     0.702004  0.088400   \n",
       "bedrooms       0.002267  0.308454  1.000000   0.513694     0.577696  0.032531   \n",
       "bathrooms      0.005873  0.525029  0.513694   1.000000     0.754793  0.088451   \n",
       "sqft_living   -0.011866  0.702004  0.577696   0.754793     1.000000  0.173266   \n",
       "sqft_lot      -0.132412  0.088400  0.032531   0.088451     0.173266  1.000000   \n",
       "floors         0.019150  0.256603  0.178518   0.503796     0.354260 -0.007745   \n",
       "waterfront    -0.003588  0.260777 -0.001578   0.062055     0.103331  0.021216   \n",
       "view           0.012859  0.397176  0.080379   0.187249     0.283797  0.072668   \n",
       "condition     -0.023410  0.034613  0.025652  -0.128167    -0.061626 -0.009207   \n",
       "grade          0.008765  0.668099  0.356418   0.665992     0.762719  0.113801   \n",
       "sqft_above    -0.010757  0.605481  0.478967   0.685959     0.876787  0.183653   \n",
       "sqft_basement -0.004480  0.323018  0.301987   0.281813     0.433369  0.015612   \n",
       "yr_built       0.022179  0.054849  0.156820   0.508866     0.319584  0.052469   \n",
       "yr_renovated  -0.009068  0.116846  0.018345   0.047738     0.049777  0.004297   \n",
       "zipcode       -0.010959 -0.053429 -0.152539  -0.204016    -0.198987 -0.129626   \n",
       "lat           -0.005062  0.307667 -0.009939   0.025243     0.053213 -0.085076   \n",
       "long           0.021254  0.022512  0.131398   0.224660     0.241473  0.230489   \n",
       "sqft_living15 -0.003084  0.586495  0.391936   0.569396     0.756199  0.143815   \n",
       "sqft_lot15    -0.138114  0.083530  0.030779   0.089414     0.184920  0.719499   \n",
       "\n",
       "                 floors  waterfront      view  condition     grade  \\\n",
       "id             0.019150   -0.003588  0.012859  -0.023410  0.008765   \n",
       "price          0.256603    0.260777  0.397176   0.034613  0.668099   \n",
       "bedrooms       0.178518   -0.001578  0.080379   0.025652  0.356418   \n",
       "bathrooms      0.503796    0.062055  0.187249  -0.128167  0.665992   \n",
       "sqft_living    0.354260    0.103331  0.283797  -0.061626  0.762719   \n",
       "sqft_lot      -0.007745    0.021216  0.072668  -0.009207  0.113801   \n",
       "floors         1.000000    0.019853  0.027748  -0.264259  0.459144   \n",
       "waterfront     0.019853    1.000000  0.380418   0.016293  0.081945   \n",
       "view           0.027748    0.380418  1.000000   0.045464  0.250014   \n",
       "condition     -0.264259    0.016293  0.045464   1.000000 -0.148886   \n",
       "grade          0.459144    0.081945  0.250014  -0.148886  1.000000   \n",
       "sqft_above     0.523594    0.070315  0.166907  -0.159186  0.756289   \n",
       "sqft_basement -0.245628    0.082796  0.276521   0.170361  0.166466   \n",
       "yr_built       0.489898   -0.024358 -0.054415  -0.361838  0.448574   \n",
       "yr_renovated   0.003036    0.070615  0.088336  -0.056127  0.015494   \n",
       "zipcode       -0.058443    0.028723  0.085300   0.002616 -0.185138   \n",
       "lat            0.049237   -0.011696  0.006174  -0.016021  0.113629   \n",
       "long           0.125360   -0.036585 -0.076306  -0.105805  0.199735   \n",
       "sqft_living15  0.279379    0.083676  0.280934  -0.093556  0.713176   \n",
       "sqft_lot15    -0.011632    0.030188  0.072797  -0.004386  0.122404   \n",
       "\n",
       "               sqft_above  sqft_basement  yr_built  yr_renovated   zipcode  \\\n",
       "id              -0.010757      -0.004480  0.022179     -0.009068 -0.010959   \n",
       "price            0.605481       0.323018  0.054849      0.116846 -0.053429   \n",
       "bedrooms         0.478967       0.301987  0.156820      0.018345 -0.152539   \n",
       "bathrooms        0.685959       0.281813  0.508866      0.047738 -0.204016   \n",
       "sqft_living      0.876787       0.433369  0.319584      0.049777 -0.198987   \n",
       "sqft_lot         0.183653       0.015612  0.052469      0.004297 -0.129626   \n",
       "floors           0.523594      -0.245628  0.489898      0.003036 -0.058443   \n",
       "waterfront       0.070315       0.082796 -0.024358      0.070615  0.028723   \n",
       "view             0.166907       0.276521 -0.054415      0.088336  0.085300   \n",
       "condition       -0.159186       0.170361 -0.361838     -0.056127  0.002616   \n",
       "grade            0.756289       0.166466  0.448574      0.015494 -0.185138   \n",
       "sqft_above       1.000000      -0.053403  0.425170      0.019099 -0.260751   \n",
       "sqft_basement   -0.053403       1.000000 -0.133178      0.067570  0.075466   \n",
       "yr_built         0.425170      -0.133178  1.000000     -0.200252 -0.346743   \n",
       "yr_renovated     0.019099       0.067570 -0.200252      1.000000  0.061763   \n",
       "zipcode         -0.260751       0.075466 -0.346743      0.061763  1.000000   \n",
       "lat             -0.000014       0.110526 -0.148165      0.029245  0.266868   \n",
       "long             0.344774      -0.144709  0.409009     -0.064197 -0.564133   \n",
       "sqft_living15    0.730794       0.200709  0.325657      0.000910 -0.278124   \n",
       "sqft_lot15       0.195983       0.016705  0.071184      0.002827 -0.146944   \n",
       "\n",
       "                    lat      long  sqft_living15  sqft_lot15  \n",
       "id            -0.005062  0.021254      -0.003084   -0.138114  \n",
       "price          0.307667  0.022512       0.586495    0.083530  \n",
       "bedrooms      -0.009939  0.131398       0.391936    0.030779  \n",
       "bathrooms      0.025243  0.224660       0.569396    0.089414  \n",
       "sqft_living    0.053213  0.241473       0.756199    0.184920  \n",
       "sqft_lot      -0.085076  0.230489       0.143815    0.719499  \n",
       "floors         0.049237  0.125360       0.279379   -0.011632  \n",
       "waterfront    -0.011696 -0.036585       0.083676    0.030188  \n",
       "view           0.006174 -0.076306       0.280934    0.072797  \n",
       "condition     -0.016021 -0.105805      -0.093556   -0.004386  \n",
       "grade          0.113629  0.199735       0.713176    0.122404  \n",
       "sqft_above    -0.000014  0.344774       0.730794    0.195983  \n",
       "sqft_basement  0.110526 -0.144709       0.200709    0.016705  \n",
       "yr_built      -0.148165  0.409009       0.325657    0.071184  \n",
       "yr_renovated   0.029245 -0.064197       0.000910    0.002827  \n",
       "zipcode        0.266868 -0.564133      -0.278124   -0.146944  \n",
       "lat            1.000000 -0.135173       0.050357   -0.084799  \n",
       "long          -0.135173  1.000000       0.334699    0.255272  \n",
       "sqft_living15  0.050357  0.334699       1.000000    0.183539  \n",
       "sqft_lot15    -0.084799  0.255272       0.183539    1.000000  "
      ]
     },
     "execution_count": 5,
     "metadata": {},
     "output_type": "execute_result"
    }
   ],
   "source": [
    "df.corr()"
   ]
  },
  {
   "cell_type": "code",
   "execution_count": 7,
   "metadata": {},
   "outputs": [
    {
     "data": {
      "text/html": [
       "<div>\n",
       "<style scoped>\n",
       "    .dataframe tbody tr th:only-of-type {\n",
       "        vertical-align: middle;\n",
       "    }\n",
       "\n",
       "    .dataframe tbody tr th {\n",
       "        vertical-align: top;\n",
       "    }\n",
       "\n",
       "    .dataframe thead th {\n",
       "        text-align: right;\n",
       "    }\n",
       "</style>\n",
       "<table border=\"1\" class=\"dataframe\">\n",
       "  <thead>\n",
       "    <tr style=\"text-align: right;\">\n",
       "      <th></th>\n",
       "      <th>id</th>\n",
       "      <th>price</th>\n",
       "      <th>bedrooms</th>\n",
       "      <th>bathrooms</th>\n",
       "      <th>sqft_living</th>\n",
       "      <th>sqft_lot</th>\n",
       "      <th>floors</th>\n",
       "      <th>waterfront</th>\n",
       "      <th>view</th>\n",
       "      <th>condition</th>\n",
       "      <th>grade</th>\n",
       "      <th>sqft_above</th>\n",
       "      <th>sqft_basement</th>\n",
       "      <th>yr_built</th>\n",
       "      <th>yr_renovated</th>\n",
       "      <th>zipcode</th>\n",
       "      <th>lat</th>\n",
       "      <th>long</th>\n",
       "      <th>sqft_living15</th>\n",
       "      <th>sqft_lot15</th>\n",
       "    </tr>\n",
       "  </thead>\n",
       "  <tbody>\n",
       "    <tr>\n",
       "      <th>id</th>\n",
       "      <td>True</td>\n",
       "      <td>False</td>\n",
       "      <td>False</td>\n",
       "      <td>False</td>\n",
       "      <td>False</td>\n",
       "      <td>False</td>\n",
       "      <td>False</td>\n",
       "      <td>False</td>\n",
       "      <td>False</td>\n",
       "      <td>False</td>\n",
       "      <td>False</td>\n",
       "      <td>False</td>\n",
       "      <td>False</td>\n",
       "      <td>False</td>\n",
       "      <td>False</td>\n",
       "      <td>False</td>\n",
       "      <td>False</td>\n",
       "      <td>False</td>\n",
       "      <td>False</td>\n",
       "      <td>False</td>\n",
       "    </tr>\n",
       "    <tr>\n",
       "      <th>price</th>\n",
       "      <td>False</td>\n",
       "      <td>True</td>\n",
       "      <td>False</td>\n",
       "      <td>False</td>\n",
       "      <td>False</td>\n",
       "      <td>False</td>\n",
       "      <td>False</td>\n",
       "      <td>False</td>\n",
       "      <td>False</td>\n",
       "      <td>False</td>\n",
       "      <td>False</td>\n",
       "      <td>False</td>\n",
       "      <td>False</td>\n",
       "      <td>False</td>\n",
       "      <td>False</td>\n",
       "      <td>False</td>\n",
       "      <td>False</td>\n",
       "      <td>False</td>\n",
       "      <td>False</td>\n",
       "      <td>False</td>\n",
       "    </tr>\n",
       "    <tr>\n",
       "      <th>bedrooms</th>\n",
       "      <td>False</td>\n",
       "      <td>False</td>\n",
       "      <td>True</td>\n",
       "      <td>False</td>\n",
       "      <td>False</td>\n",
       "      <td>False</td>\n",
       "      <td>False</td>\n",
       "      <td>False</td>\n",
       "      <td>False</td>\n",
       "      <td>False</td>\n",
       "      <td>False</td>\n",
       "      <td>False</td>\n",
       "      <td>False</td>\n",
       "      <td>False</td>\n",
       "      <td>False</td>\n",
       "      <td>False</td>\n",
       "      <td>False</td>\n",
       "      <td>False</td>\n",
       "      <td>False</td>\n",
       "      <td>False</td>\n",
       "    </tr>\n",
       "    <tr>\n",
       "      <th>bathrooms</th>\n",
       "      <td>False</td>\n",
       "      <td>False</td>\n",
       "      <td>False</td>\n",
       "      <td>True</td>\n",
       "      <td>True</td>\n",
       "      <td>False</td>\n",
       "      <td>False</td>\n",
       "      <td>False</td>\n",
       "      <td>False</td>\n",
       "      <td>False</td>\n",
       "      <td>False</td>\n",
       "      <td>False</td>\n",
       "      <td>False</td>\n",
       "      <td>False</td>\n",
       "      <td>False</td>\n",
       "      <td>False</td>\n",
       "      <td>False</td>\n",
       "      <td>False</td>\n",
       "      <td>False</td>\n",
       "      <td>False</td>\n",
       "    </tr>\n",
       "    <tr>\n",
       "      <th>sqft_living</th>\n",
       "      <td>False</td>\n",
       "      <td>False</td>\n",
       "      <td>False</td>\n",
       "      <td>True</td>\n",
       "      <td>True</td>\n",
       "      <td>False</td>\n",
       "      <td>False</td>\n",
       "      <td>False</td>\n",
       "      <td>False</td>\n",
       "      <td>False</td>\n",
       "      <td>True</td>\n",
       "      <td>True</td>\n",
       "      <td>False</td>\n",
       "      <td>False</td>\n",
       "      <td>False</td>\n",
       "      <td>False</td>\n",
       "      <td>False</td>\n",
       "      <td>False</td>\n",
       "      <td>True</td>\n",
       "      <td>False</td>\n",
       "    </tr>\n",
       "    <tr>\n",
       "      <th>sqft_lot</th>\n",
       "      <td>False</td>\n",
       "      <td>False</td>\n",
       "      <td>False</td>\n",
       "      <td>False</td>\n",
       "      <td>False</td>\n",
       "      <td>True</td>\n",
       "      <td>False</td>\n",
       "      <td>False</td>\n",
       "      <td>False</td>\n",
       "      <td>False</td>\n",
       "      <td>False</td>\n",
       "      <td>False</td>\n",
       "      <td>False</td>\n",
       "      <td>False</td>\n",
       "      <td>False</td>\n",
       "      <td>False</td>\n",
       "      <td>False</td>\n",
       "      <td>False</td>\n",
       "      <td>False</td>\n",
       "      <td>False</td>\n",
       "    </tr>\n",
       "    <tr>\n",
       "      <th>floors</th>\n",
       "      <td>False</td>\n",
       "      <td>False</td>\n",
       "      <td>False</td>\n",
       "      <td>False</td>\n",
       "      <td>False</td>\n",
       "      <td>False</td>\n",
       "      <td>True</td>\n",
       "      <td>False</td>\n",
       "      <td>False</td>\n",
       "      <td>False</td>\n",
       "      <td>False</td>\n",
       "      <td>False</td>\n",
       "      <td>False</td>\n",
       "      <td>False</td>\n",
       "      <td>False</td>\n",
       "      <td>False</td>\n",
       "      <td>False</td>\n",
       "      <td>False</td>\n",
       "      <td>False</td>\n",
       "      <td>False</td>\n",
       "    </tr>\n",
       "    <tr>\n",
       "      <th>waterfront</th>\n",
       "      <td>False</td>\n",
       "      <td>False</td>\n",
       "      <td>False</td>\n",
       "      <td>False</td>\n",
       "      <td>False</td>\n",
       "      <td>False</td>\n",
       "      <td>False</td>\n",
       "      <td>True</td>\n",
       "      <td>False</td>\n",
       "      <td>False</td>\n",
       "      <td>False</td>\n",
       "      <td>False</td>\n",
       "      <td>False</td>\n",
       "      <td>False</td>\n",
       "      <td>False</td>\n",
       "      <td>False</td>\n",
       "      <td>False</td>\n",
       "      <td>False</td>\n",
       "      <td>False</td>\n",
       "      <td>False</td>\n",
       "    </tr>\n",
       "    <tr>\n",
       "      <th>view</th>\n",
       "      <td>False</td>\n",
       "      <td>False</td>\n",
       "      <td>False</td>\n",
       "      <td>False</td>\n",
       "      <td>False</td>\n",
       "      <td>False</td>\n",
       "      <td>False</td>\n",
       "      <td>False</td>\n",
       "      <td>True</td>\n",
       "      <td>False</td>\n",
       "      <td>False</td>\n",
       "      <td>False</td>\n",
       "      <td>False</td>\n",
       "      <td>False</td>\n",
       "      <td>False</td>\n",
       "      <td>False</td>\n",
       "      <td>False</td>\n",
       "      <td>False</td>\n",
       "      <td>False</td>\n",
       "      <td>False</td>\n",
       "    </tr>\n",
       "    <tr>\n",
       "      <th>condition</th>\n",
       "      <td>False</td>\n",
       "      <td>False</td>\n",
       "      <td>False</td>\n",
       "      <td>False</td>\n",
       "      <td>False</td>\n",
       "      <td>False</td>\n",
       "      <td>False</td>\n",
       "      <td>False</td>\n",
       "      <td>False</td>\n",
       "      <td>True</td>\n",
       "      <td>False</td>\n",
       "      <td>False</td>\n",
       "      <td>False</td>\n",
       "      <td>False</td>\n",
       "      <td>False</td>\n",
       "      <td>False</td>\n",
       "      <td>False</td>\n",
       "      <td>False</td>\n",
       "      <td>False</td>\n",
       "      <td>False</td>\n",
       "    </tr>\n",
       "    <tr>\n",
       "      <th>grade</th>\n",
       "      <td>False</td>\n",
       "      <td>False</td>\n",
       "      <td>False</td>\n",
       "      <td>False</td>\n",
       "      <td>True</td>\n",
       "      <td>False</td>\n",
       "      <td>False</td>\n",
       "      <td>False</td>\n",
       "      <td>False</td>\n",
       "      <td>False</td>\n",
       "      <td>True</td>\n",
       "      <td>True</td>\n",
       "      <td>False</td>\n",
       "      <td>False</td>\n",
       "      <td>False</td>\n",
       "      <td>False</td>\n",
       "      <td>False</td>\n",
       "      <td>False</td>\n",
       "      <td>False</td>\n",
       "      <td>False</td>\n",
       "    </tr>\n",
       "    <tr>\n",
       "      <th>sqft_above</th>\n",
       "      <td>False</td>\n",
       "      <td>False</td>\n",
       "      <td>False</td>\n",
       "      <td>False</td>\n",
       "      <td>True</td>\n",
       "      <td>False</td>\n",
       "      <td>False</td>\n",
       "      <td>False</td>\n",
       "      <td>False</td>\n",
       "      <td>False</td>\n",
       "      <td>True</td>\n",
       "      <td>True</td>\n",
       "      <td>False</td>\n",
       "      <td>False</td>\n",
       "      <td>False</td>\n",
       "      <td>False</td>\n",
       "      <td>False</td>\n",
       "      <td>False</td>\n",
       "      <td>False</td>\n",
       "      <td>False</td>\n",
       "    </tr>\n",
       "    <tr>\n",
       "      <th>sqft_basement</th>\n",
       "      <td>False</td>\n",
       "      <td>False</td>\n",
       "      <td>False</td>\n",
       "      <td>False</td>\n",
       "      <td>False</td>\n",
       "      <td>False</td>\n",
       "      <td>False</td>\n",
       "      <td>False</td>\n",
       "      <td>False</td>\n",
       "      <td>False</td>\n",
       "      <td>False</td>\n",
       "      <td>False</td>\n",
       "      <td>True</td>\n",
       "      <td>False</td>\n",
       "      <td>False</td>\n",
       "      <td>False</td>\n",
       "      <td>False</td>\n",
       "      <td>False</td>\n",
       "      <td>False</td>\n",
       "      <td>False</td>\n",
       "    </tr>\n",
       "    <tr>\n",
       "      <th>yr_built</th>\n",
       "      <td>False</td>\n",
       "      <td>False</td>\n",
       "      <td>False</td>\n",
       "      <td>False</td>\n",
       "      <td>False</td>\n",
       "      <td>False</td>\n",
       "      <td>False</td>\n",
       "      <td>False</td>\n",
       "      <td>False</td>\n",
       "      <td>False</td>\n",
       "      <td>False</td>\n",
       "      <td>False</td>\n",
       "      <td>False</td>\n",
       "      <td>True</td>\n",
       "      <td>False</td>\n",
       "      <td>False</td>\n",
       "      <td>False</td>\n",
       "      <td>False</td>\n",
       "      <td>False</td>\n",
       "      <td>False</td>\n",
       "    </tr>\n",
       "    <tr>\n",
       "      <th>yr_renovated</th>\n",
       "      <td>False</td>\n",
       "      <td>False</td>\n",
       "      <td>False</td>\n",
       "      <td>False</td>\n",
       "      <td>False</td>\n",
       "      <td>False</td>\n",
       "      <td>False</td>\n",
       "      <td>False</td>\n",
       "      <td>False</td>\n",
       "      <td>False</td>\n",
       "      <td>False</td>\n",
       "      <td>False</td>\n",
       "      <td>False</td>\n",
       "      <td>False</td>\n",
       "      <td>True</td>\n",
       "      <td>False</td>\n",
       "      <td>False</td>\n",
       "      <td>False</td>\n",
       "      <td>False</td>\n",
       "      <td>False</td>\n",
       "    </tr>\n",
       "    <tr>\n",
       "      <th>zipcode</th>\n",
       "      <td>False</td>\n",
       "      <td>False</td>\n",
       "      <td>False</td>\n",
       "      <td>False</td>\n",
       "      <td>False</td>\n",
       "      <td>False</td>\n",
       "      <td>False</td>\n",
       "      <td>False</td>\n",
       "      <td>False</td>\n",
       "      <td>False</td>\n",
       "      <td>False</td>\n",
       "      <td>False</td>\n",
       "      <td>False</td>\n",
       "      <td>False</td>\n",
       "      <td>False</td>\n",
       "      <td>True</td>\n",
       "      <td>False</td>\n",
       "      <td>False</td>\n",
       "      <td>False</td>\n",
       "      <td>False</td>\n",
       "    </tr>\n",
       "    <tr>\n",
       "      <th>lat</th>\n",
       "      <td>False</td>\n",
       "      <td>False</td>\n",
       "      <td>False</td>\n",
       "      <td>False</td>\n",
       "      <td>False</td>\n",
       "      <td>False</td>\n",
       "      <td>False</td>\n",
       "      <td>False</td>\n",
       "      <td>False</td>\n",
       "      <td>False</td>\n",
       "      <td>False</td>\n",
       "      <td>False</td>\n",
       "      <td>False</td>\n",
       "      <td>False</td>\n",
       "      <td>False</td>\n",
       "      <td>False</td>\n",
       "      <td>True</td>\n",
       "      <td>False</td>\n",
       "      <td>False</td>\n",
       "      <td>False</td>\n",
       "    </tr>\n",
       "    <tr>\n",
       "      <th>long</th>\n",
       "      <td>False</td>\n",
       "      <td>False</td>\n",
       "      <td>False</td>\n",
